2 4 6 8 10
2 4 6 8 10
<__main__.Vector object at 0x0000022B8DDABA50> + <__main__.Vector object at 0x0000022B8DDB8A10> = <__main__.Vector object at 0x0000022B8DDB8B10>
[1, 2, 3, 4, 5] + [1, 2, 3, 4, 5] = [2, 4, 6, 8, 10]
[1, 2, 3, 4, 5] + [1, 2, 3, 4, 5] = [2, 4, 6, 8, 10]
[1, 2, 3, 4, 5] - [1, 2, 3, 4, 5] = [0, 0, 0, 0, 0]
[1, 2, 3, 4, 5] + [1, 2, 3, 4, 5] = [2, 4, 6, 8, 10]
[1, 2, 3, 4, 5] - [1, 2, 3, 4, 5] = [0, 0, 0, 0, 0]
[1, 2, 3, 4, 5] + [1, 2, 3, 4, 5] = [2, 4, 6, 8, 10]
[1, 2, 3, 4, 5] - [1, 2, 3, 4, 5] = [0, 0, 0, 0, 0]
[1, 2, 3, 4, 5] * [1, 2, 3, 4, 5] = [2, 4, 6, 8, 10]
[1, 2, 3, 4, 5] + [1, 2, 3, 4, 5] = [2, 4, 6, 8, 10]
[1, 2, 3, 4, 5] - [1, 2, 3, 4, 5] = [0, 0, 0, 0, 0]
[1, 2, 3, 4, 5] * [1, 2, 3, 4, 5] = [2, 4, 6, 8, 10]
[1, 2, 3, 4, 5] / [1, 2, 3, 4, 5] = [2, 4, 6, 8, 10]
[1, 2, 3, 4, 5] + [1, 2, 3, 4, 5] = [2, 4, 6, 8, 10]
[1, 2, 3, 4, 5] - [1, 2, 3, 4, 5] = [0, 0, 0, 0, 0]
[1, 2, 3, 4, 5] * [1, 2, 3, 4, 5] = [1.0, 1.0, 1.0, 1.0, 1.0]
[1, 2, 3, 4, 5] / [1, 2, 3, 4, 5] = [1.0, 1.0, 1.0, 1.0, 1.0]
[1, 2, 3, 4, 5] + [1, 2, 3, 4, 5] = [2, 4, 6, 8, 10]
[1, 2, 3, 4, 5] - [1, 2, 3, 4, 5] = [0, 0, 0, 0, 0]
[1, 2, 3, 4, 5] * [1, 2, 3, 4, 5] = [1, 4, 9, 16, 25]
[1, 2, 3, 4, 5] / [1, 2, 3, 4, 5] = [1, 4, 9, 16, 25]
[1, 2, 3, 4, 5] + [1, 2, 3, 4, 5] = [2, 4, 6, 8, 10]
[1, 2, 3, 4, 5] - [1, 2, 3, 4, 5] = [0, 0, 0, 0, 0]
[1, 2, 3, 4, 5] * [1, 2, 3, 4, 5] = [1, 4, 9, 16, 25]
[1, 2, 3, 4, 5] / [1, 2, 3, 4, 5] = [1.0, 1.0, 1.0, 1.0, 1.0]
[1, 2, 3, 4, 5] + [1, 2, 3, 4, 5] = [2, 4, 6, 8, 10]
[1, 2, 3, 4, 5] - [1, 2, 3, 4, 5] = [0, 0, 0, 0, 0]
[1, 2, 3, 4, 5] * [1, 2, 3, 4, 5] = [1, 4, 9, 16, 25]
[1, 2, 3, 4, 5] / [1, 2, 3, 4, 5] = [1.0, 1.0, 1.0, 1.0, 1.0]
[1, 2, 3, 4, 5] + [1, 2, 3, 4, 5] = [2, 4, 6, 8, 10]
[1, 2, 3, 4, 5] - [1, 2, 3, 4, 5] = [0, 0, 0, 0, 0]
[1, 2, 3, 4, 5] * [1, 2, 3, 4, 5] = [1, 4, 9, 16, 25]
[1, 2, 3, 4, 5] / [1, 2, 3, 4, 5] = [1.0, 1.0, 1.0, 1.0, 1.0]
[1, 2, 3, 4] + [1, 2, 3, 4, 5] = None
